0 21836184 
1 21790391 
2 24419958 
3 21481600 
4 23251906 
5 21080964 
6 21039342 
7 21245319 
8 21271003 
9 21217633 
10 21241027 
11 21211979 
12 21262809 
13 22529489 
14 23031330 
15 24279710 
16 22828604 
17 22961019 
18 22838687 
19 22821540 
20 26777058 
21 22893228 
22 22850277 
23 22849603 
24 22809298 
25 24905898 
26 26401592 
27 26367873 
28 26449875 
29 26600991 
30 26448780 
31 26344454 
32 26368263 
33 26443312 
34 26358170 
35 26371084 
36 26543942 
37 27167139 
38 26398676 
39 26505019 
40 26393739 
41 26388014 
42 26397579 
43 26463619 
44 27197890 
45 26416847 
46 26465860 
47 26399617 
48 26444912 
49 27695336 
50 34175502 
51 34124812 
52 34204453 
53 34107934 
54 34146472 
55 34177101 
56 34096161 
57 34228494 
58 34151310 
59 34268625 
60 34394463 
61 34875877 
62 34854830 
63 34225868 
64 34118277 
65 34960640 
66 35171832 
67 41768700 
68 39080357 
69 35397075 
70 35577634 
71 35339745 
72 35082815 
73 35978353 
74 35774657 
75 34651048 
76 34623984 
77 34717438 
78 35109092 
79 34599436 
80 35950826 
81 34724982 
82 34700660 
83 34689109 
84 37528616 
85 35724030 
86 35089019 
87 35927250 
88 36015279 
89 37672768 
90 36132993 
91 35323738 
92 35396935 
93 35796068 
94 34230739 
95 34169858 
96 34150342 
97 35887355 
98 41221498 
99 51266854 
100 51750229 
101 51453228 
102 50676484 
103 49960825 
104 49769962 
105 49966188 
106 50145971 
107 50388680 
108 53562592 
109 52189366 
110 49859682 
111 49898253 
112 50110649 
113 49304791 
114 49327481 
115 49231022 
116 49243911 
117 49803636 
118 49391463 
119 52078915 
120 56288005 
121 49352938 
122 50991131 
123 49583091 
124 55391035 
125 57565636 
126 52023499 
127 49266148 
128 49401582 
129 49198060 
130 49226390 
131 53119021 
132 55285058 
133 55264747 
134 50064649 
135 49382618 
136 49735638 
137 49696991 
138 49872705 
139 49539568 
140 49312213 
141 50285020 
142 49873987 
143 49962053 
144 49743896 
145 52144338 
146 51184709 
147 51465757 
148 52220153 
149 51380080 
150 53515816 
151 52136303 
152 54385934 
153 55780242 
154 51815268 
155 52140443 
156 50321128 
157 50506597 
158 50515435 
159 50548151 
160 50485816 
161 49404762 
162 49429773 
163 51551039 
164 49413020 
165 49329751 
166 49271270 
167 49557713 
168 49410702 
169 49240728 
170 49690084 
171 49633725 
172 52318726 
173 51839738 
174 55327104 
175 56275258 
176 53131680 
177 52577989 
178 53787387 
179 53253966 
180 53695601 
181 52661672 
182 53891336 
183 53905975 
184 54954366 
185 55325241 
186 52670639 
187 52891362 
188 51957748 
189 51172976 
190 51569390 
191 51878821 
192 50938537 
193 51438042 
194 50075663 
195 50969656 
196 69474849 
197 78378136 
198 80985547 
199 78265613 
200 77923839 
201 78828301 
202 78714835 
203 78163069 
204 77272944 
205 78395942 
206 78203951 
207 77313094 
208 77393714 
209 77376145 
210 77300430 
211 80064460 
212 80090729 
213 78481075 
214 79316682 
215 79343625 
216 78132376 
217 78178789 
218 78655081 
219 77814351 
220 78311686 
221 79375422 
222 82698195 
223 78648037 
224 79992632 
225 81256124 
226 78985630 
227 78815905 
228 78415837 
229 78511780 
230 78377384 
231 77871469 
232 78242179 
233 78200704 
234 78207036 
235 77671363 
236 78273203 
237 77519056 
238 77918389 
239 78224519 
240 77350839 
241 78257509 
242 78572625 
243 78485219 
244 78375145 
245 77921404 
246 78183839 
247 78197330 
248 78367304 
249 78262581 
250 78245680 
251 78974253 
252 78513393 
253 78510857 
254 78384003 
255 78149108 
256 78270965 
257 78244840 
258 78276854 
259 78387352 
260 78261247 
261 78039224 
262 77355602 
263 78676462 
264 78280437 
265 81940654 
266 78061250 
267 78553489 
268 78264134 
269 78068156 
270 78328508 
271 78303369 
272 81140376 
273 79788757 
274 78369100 
275 79655470 
276 78649818 
277 78355808 
278 78709558 
279 78414059 
280 81505449 
281 78674464 
282 78142872 
283 78152884 
284 78808380 
285 77667688 
286 77245622 
287 78893900 
288 78176840 
289 77775722 
290 78130146 
291 78082950 
292 77904917 
293 78202989 
294 77748356 
295 78238486 
296 77950006 
297 77390763 
298 77401425 
299 78024906 
300 77373005 
301 83298442 
302 78484983 
303 83418749 
304 82596962 
305 79365479 
306 79436251 
307 79591766 
308 77576128 
309 77689847 
310 77456077 
311 79026740 
312 78727627 
313 82333742 
314 77657534 
315 78245278 
316 78438044 
317 79968849 
318 78562428 
319 77664444 
320 78657398 
321 77355225 
322 77484410 
323 78751404 
324 77367732 
325 77391719 
326 77329961 
327 77272111 
328 77226303 
329 78652190 
330 77436839 
331 77274793 
332 77338756 
333 77315162 
334 77333789 
335 78205666 
336 77438193 
337 77376593 
338 77223536 
339 77412569 
340 77607758 
341 77445020 
342 77744804 
343 77219295 
344 77459153 
345 77307543 
346 77354608 
347 77246209 
348 78058602 
349 77322991 
350 77275951 
351 77333936 
352 77610174 
353 77519630 
354 78094932 
355 77318644 
356 77342210 
357 77249582 
358 77308600 
359 77407340 
360 78534725 
361 77324578 
362 78450776 
363 77875765 
364 77511449 
365 77770319 
366 78430750 
367 77365886 
368 77306041 
369 77324040 
370 77395118 
371 77315133 
372 78900219 
373 77430498 
374 78013478 
375 77313765 
376 77354929 
377 77441093 
378 78917424 
379 77386684 
380 77431112 
381 78215099 
382 77323353 
383 77210054 
384 79489561 
385 80565635 
386 79724260 
387 77414904 
388 79718020 
389 79338141 
390 79894494 
391 98725254 
392 133593823 
393 132754337 
394 135661235 
395 136273710 
396 133144910 
397 133721751 
398 132917240 
399 133378209 
400 133280160 
401 133070241 
402 132896251 
403 133690622 
404 133480246 
405 132734842 
406 133920345 
407 132656484 
408 133657041 
409 132882805 
410 133250836 
411 132795539 
412 132757487 
413 133687321 
414 132757138 
415 132903362 
416 133204098 
417 134091281 
418 132742429 
419 132890488 
420 132700698 
421 137534108 
422 133030253 
423 136404497 
424 133855045 
425 132623326 
426 134820693 
427 136904623 
428 132912557 
429 133796174 
430 140551038 
431 137506894 
432 135512274 
433 133954006 
434 132854695 
435 134281285 
436 133253799 
437 133071177 
438 136320767 
439 134036899 
440 133633708 
441 132779809 
442 133833786 
443 134270848 
444 133464193 
445 134546047 
446 134296621 
447 134451209 
448 135260355 
449 133947751 
450 135179344 
451 133989355 
452 135109278 
453 133521446 
454 133357069 
455 135002725 
456 133425677 
457 134294339 
458 132710675 
459 133026686 
460 136826127 
461 132832546 
462 133056520 
463 132794943 
464 134216639 
465 135238077 
466 137635730 
467 134768442 
468 134257765 
469 134587962 
470 133950550 
471 134268526 
472 135378137 
473 132815985 
474 134965843 
475 134848049 
476 133630932 
477 134903468 
478 134389107 
479 133167354 
480 134321896 
481 134364905 
482 134361630 
483 132732079 
484 133259107 
485 132747359 
486 133588586 
487 133762309 
488 133197960 
489 134175581 
490 132915487 
491 133442938 
492 132818818 
493 134648519 
494 132888005 
495 134155237 
496 132988440 
497 133522098 
498 132745647 
499 133649194 
500 132718346 
501 133840742 
502 133739361 
503 133422243 
504 133003793 
505 133286903 
506 132586462 
507 132543258 
508 133937902 
509 132849522 
510 133033706 
511 132674768 
512 134339063 
513 132810232 
514 132670591 
515 132833448 
516 133142305 
517 133779753 
518 132688118 
519 133878518 
520 132614606 
521 133635121 
522 132722689 
523 133425297 
524 133552987 
525 135766273 
526 135204905 
527 132907036 
528 133155546 
529 132695375 
530 136355679 
531 133263002 
532 136052944 
533 132593239 
534 133576768 
535 133546142 
536 133561735 
537 132702876 
538 133827623 
539 134706450 
540 132886719 
541 132607145 
542 132957078 
543 133979193 
544 138658613 
545 139314607 
546 133870330 
547 132961374 
548 133078013 
549 134825516 
550 139884072 
551 135711828 
552 132763125 
553 134193995 
554 133491991 
555 132996516 
556 132740330 
557 134061475 
558 134849407 
559 133110343 
560 135050019 
561 134180238 
562 133961743 
563 134079865 
564 134534438 
565 134329221 
566 135030826 
567 136295309 
568 135568449 
569 134423936 
570 136623668 
571 134564212 
572 135886642 
573 135959555 
574 135415561 
575 136672948 
576 136427060 
577 137973279 
578 134356909 
579 137100640 
580 136722945 
581 136276171 
582 138453237 
583 134672453 
584 133762881 
585 134775183 
586 134190291 
587 134291392 
588 134171392 
589 149223923 
590 136600684 
591 133763686 
592 133665388 
593 132774976 
594 134635248 
595 134536965 
596 134821755 
597 134732942 
598 135991509 
599 134644351 
600 136494573 
601 141603029 
602 135983112 
603 135674795 
604 135679671 
605 135082851 
606 136276917 
607 137079927 
608 139961818 
609 139027260 
610 134321191 
611 132777269 
612 133449287 
613 133298194 
614 137679549 
615 137006480 
616 133976564 
617 134562056 
618 133723636 
619 134716033 
620 135299113 
621 135786516 
622 136349025 
623 137114948 
624 138338263 
625 137691062 
626 139328081 
627 139842823 
628 136153947 
629 137524999 
630 136467333 
631 135146278 
632 134710148 
633 137035575 
634 136465827 
635 134658949 
636 136118257 
637 135026139 
638 135060215 
639 134172440 
640 137933837 
641 138152803 
642 142057938 
643 139101303 
644 141400137 
645 137917926 
646 138376749 
647 140082839 
648 137701373 
649 140876715 
650 135756065 
651 134436018 
652 136816341 
653 138134659 
654 135216430 
655 135944991 
656 135482207 
657 133836739 
658 133854132 
659 134615892 
660 134650176 
661 134943491 
662 135598984 
663 135958682 
664 134349099 
665 135156010 
666 137237659 
667 138082650 
668 143953326 
669 137706774 
670 140066892 
671 135348963 
672 134402582 
673 135820547 
674 136425769 
675 139022279 
676 139635319 
677 136670603 
678 137124864 
679 135674819 
680 133494387 
681 134539242 
682 134057715 
683 133932563 
684 134616033 
685 133697751 
686 132526619 
687 132977541 
688 134104960 
689 132873595 
690 132713281 
691 134906337 
692 137260237 
693 138209742 
694 135579437 
695 134547130 
696 136395269 
697 133642327 
698 135731693 
699 136513718 
700 135580097 
701 135383580 
702 135406136 
703 135687757 
704 135468675 
705 135051627 
706 134124484 
707 134815046 
708 133667490 
709 136284063 
710 135983623 
711 133561102 
712 134383361 
713 139300167 
714 138829382 
715 133815004 
716 138802031 
717 139447838 
718 133860140 
719 133682760 
720 133146425 
721 133373239 
722 133704892 
723 133761929 
724 135300997 
725 134212503 
726 134217778 
727 134324722 
728 133314104 
729 134202502 
730 133962670 
731 134174061 
732 134741840 
733 134176610 
734 134108508 
735 138258038 
736 133538801 
737 132908461 
738 133541351 
739 134179317 
740 133858987 
741 143836787 
742 139150712 
743 134630999 
744 135979685 
745 133319491 
746 134666780 
747 132966988 
748 139607040 
749 133833069 
750 133794342 
751 132620092 
752 133805051 
753 133542877 
754 133464902 
755 134533574 
756 133282356 
757 132740471 
758 146239949 
759 137639633 
760 134875463 
761 133126118 
762 142716889 
763 136367283 
764 132627612 
765 138040064 
766 135269152 
767 136170211 
768 137649204 
769 133364349 
770 142875913 
771 133403886 
772 133440233 
773 134526797 
774 135135273 
775 143410344 
776 133623903 
777 132829006 
778 133140989 
779 132538216 
780 132924429 
781 132602102 
782 218093457 
783 246149890 
784 245835214 
785 246110827 
786 246336589 
787 246109212 
788 245968738 
789 246115396 
790 245973667 
791 246027152 
792 245732302 
793 246945250 
794 247526073 
795 257069325 
796 248967227 
797 248508316 
798 248146458 
799 246271133 
800 246392093 
801 246055417 
802 246282986 
803 245894836 
804 246080443 
805 246103830 
806 246139968 
807 246225678 
808 246333274 
809 246542182 
810 245916306 
811 246006249 
812 245833620 
813 245918354 
814 246607254 
815 245900336 
816 245931166 
817 245930616 
818 246271083 
819 245970943 
820 246049520 
821 246167211 
822 245883416 
823 246195936 
824 246038746 
825 245886448 
826 246421206 
827 245904767 
828 246442548 
829 245943616 
830 245977866 
831 246611807 
832 245896847 
833 246291342 
834 246307543 
835 245879810 
836 246227797 
837 249299520 
838 246252217 
839 245938123 
840 245790639 
841 246759197 
842 245847137 
843 248002360 
844 245870915 
845 246704934 
846 245735360 
847 245642730 
848 246241713 
849 246498752 
850 246168481 
851 245944954 
852 245895370 
853 246749699 
854 246080791 
855 246116918 
856 246144984 
857 247418943 
858 248335317 
859 248208924 
860 246059672 
861 246304254 
862 246374749 
863 246023752 
864 246018191 
865 246656194 
866 246157788 
867 245929173 
868 245790479 
869 247105315 
870 246065742 
871 245940390 
872 245868882 
873 246500211 
874 246069180 
875 248333101 
876 245907262 
877 246735014 
878 247615411 
879 246274992 
880 246045270 
881 246883768 
882 245809241 
883 245701432 
884 245888599 
885 246409820 
886 246136489 
887 246226259 
888 246006676 
889 246586764 
890 245759367 
891 246127059 
892 245882789 
893 246727456 
894 246551119 
895 246090819 
896 246042183 
897 246234625 
898 246031360 
899 246543856 
900 246185638 
901 246465769 
902 245654311 
903 245988013 
904 245606574 
905 246512229 
906 245608254 
907 245709553 
908 246490116 
909 246687262 
910 245728748 
911 245679855 
912 246294512 
913 246681807 
914 245809054 
915 246062806 
916 245883121 
917 246707952 
918 248364897 
919 246167738 
920 246139999 
921 246301099 
922 245678799 
923 245883372 
924 246118635 
925 246489000 
926 245838175 
927 246334071 
928 245819062 
929 246122666 
930 245686596 
931 245771287 
932 246026487 
933 246307060 
934 245932342 
935 245815515 
936 246174154 
937 246185763 
938 246091410 
939 246282807 
940 246095233 
941 246542477 
942 245928317 
943 246132882 
944 245994647 
945 246200865 
946 245817782 
947 245968425 
948 246593138 
949 246958312 
950 245802467 
951 246039242 
952 245752133 
953 246523242 
954 245727281 
955 246043086 
956 245921984 
957 246323213 
958 246238316 
959 246030097 
960 246011949 
961 246293716 
962 245492744 
963 245842143 
964 245773449 
965 246485918 
966 245877455 
967 246828651 
968 245826020 
969 246488098 
970 245883512 
971 245768778 
972 245870840 
973 246352721 
974 245689214 
975 245906847 
976 245886231 
977 246923981 
978 245918243 
979 246260165 
980 245980512 
981 247066751 
982 246077475 
983 246032772 
984 246328279 
985 247000326 
986 245809078 
987 245993260 
988 245875264 
989 246773885 
990 246524369 
991 246253258 
992 245832172 
993 246537595 
994 246065234 
995 246394666 
996 246391513 
997 247203735 
998 246077831 
999 246249725 
